a = zeros(10,6)
a(1:10,1:6) = 7
a(5:6,3:4) = -7